32
27
12
97
51
15
78
67
45
33
28
13
98
52
16
79
68
46
34
29
14
99
53
17
80
69
47
35
30
15
100
54
18
81
70
48
36
31
16
101
55
19
82
71
49
37
32
17
102
56
20
83
72
50
38
33
18
103
57
21
84
73
51
39
34
19
104
58
22
85
74
52
40
35
20
105
59
23
86
75
53
41
36
21
106
60
24
87
76
54
42
37
22
107
61
25
88
77
55
43
38
23
108
62
26
89
78
56
44
39
24
109
63
27
90
79
57
45
40
25
110
64
28
91
80
58
46
41
26
111
65
29
92
81
59
47
42
27
112
66
30
93
82
60
48
43
28
113
67
31
94
83
61
49
44
29
114
68
32
95
84
62
50
45
30
115
69
33
96
85
63
51
46
31
116
70
34
97
86
64
52
47
32
117
71
35
98
87
65
53
48
33
118
72
36
99
88
66
54
49
34
119
73
37
100
89
67
55
50
35
120
74
38
101
90
68
56
51
36
121
75
39
102
91
69
57
52
37
122
76
40
103
92
70
58
53
38
123
77
41
104
93
71
59
54
39
124
78
42
105
94
72
60
55
40
125
79
43
106
95
73
61
56
41
126
80
44
107
96
74
62
57
42
127
81
45
108
97
75
63
58
43
128
82
46
109
98
76
64
59
44
129
83
47
110
99
77
65
60
45
130
84
48
111
100
78
66
61
46
131
85
49
112
101
79
67
62
47
132
86
50
113
102
80
68
63
48
133
87
51
114
103
81
69
64
49
134
88
52
115
104
82
70
65
50
135
89
53
116
105
83
71
66
51
136
90
54
117
106
84
72
67
52
137
91
55
118
107
85
73
68
53
138
92
56
119
108
86
74
69
54
139
93
57
120
109
87
75
70
55
140
94
58
121
110
88
76
71
56
141
95
59
122
111
89
77
72
57
142
96
60
123
112
90
78
73
58
143
97
61
124
113
91
79
74
59
144
98
62
125
114
92
80
75
60
145
99
63
126
115
93
81
76
61
146
100
64
127
116
94
82
77
62
147
101
65
128
117
95
83
78
63
148
102
66
129
118
96
84
79
64
149
103
67
130
119
97
85
80
65
150
104
68
131
120
98
86
81
66
151
105
69
132
121
99
87
82
67
152
106
70
133
122
100
88
83
68
153
107
71
134
123
101
89
84
69
154
108
72
135
124
102
90
85
70
155
109
73
136
125
103
91
86
71
156
110
74
137
126
104
92
87
72
157
111
75
138
127
105
93
88
73
158
112
76
139
128
106
94
89
74
159
113
77
140
129
107
95
90
75
160
114
78
141
130
108
96
91
76
161
115
79
142
131
109
97
92
77
162
116
80
143
132
110
98
93
78
163
117
81
144
133
111
99
94
79
164
118
82
145
134
112
100
95
80
165
119
83
146
135
113
101
96
81
166
120
84
147
136
114
102
97
82
167
121
85
148
137
115
103
98
83
168
122
86
149
138
116
104
99
84
169
123
87
150
139
117
105
100
85
170
124
88
151
140
118
106
101
86
171
125
89
152
141
119
107
102
87
172
126
90
153
142
120
108
103
88
173
127
91
154
143
121
109
104
89
174
128
92
155
144
122
110
105
90
175
129
93
156
145
123
111
106
91
176
130
94
157
146
124
112
107
92
177
131
95
158
147
125
113
108
93
178
132
96
159
148
126
114
109
94
179
133
97
160
149
127
115
110
95
180
134
98
161
150
128
116
111
96
181
135
99
162
151
129
117
112
97
182
136
100
163
152
130
118
113
98
183
137
101
164
153
131
119
114
99
184
138
102
165
154
132
120
115
100
185
139
103
166
155
133
121
116
101
186
140
104
167
156
134
122
117
102
187
141
105
168
157
135
123
118
103
188
142
106
169
158
136
124
119
104
189
143
107
170
159
137
125
120
105
190
144
108
171
160
138
126
121
106
191
145
109
172
161
139
127
122
107
192
146
110
173
162
140
128
123
108
193
147
111
174
163
141
129
124
109
194
148
112
175
164
142
130
125
110
195
149
113
176
165
143
131
126
111
196
150
114
177
166
144
132
127
112
197
151
115
178
167
145
133
128
113
198
152
116
179
168
146
134
129
114
199
153
117
180
169
147
135
130
115
200
154
118
181
170
148
136
131
116
201
155
119
182
171
149
137
132
117
202
156
120
183
172
150
138
133
118
203
157
121
184
173
151
139
134
119
204
158
122
185
174
152
140
135
120
205
159
123
186
175
153
141
136
121
206
160
124
187
176
154
142
137
122
207
161
125
188
177
155
143
138
123
208
162
126
189
178
156
144
139
124
209
163
127
190
179
157
145
140
125
210
164
128
191
180
158
146
141
126
211
165
129
192
181
159
147
142
127
212
166
130
193
182
160
148
143
128
213
167
131
194
183
161
149
144
129
214
168
132
195
184
162
150
145
130
215
169
133
196
185
163
151
146
131
216
170
134
197
186
164
152
147
132
217
171
135
198
187
165
153
148
133
218
172
136
199
188
166
154
149
134
219
173
137
200
189
167
155
150
135
220
174
138
201
190
168
156
151
136
221
175
139
202
191
169
157
152
137
222
176
140
203
192
170
158
153
138
223
177
141
204
193
171
159
154
139
224
178
142
205
194
172
160
155
140
225
179
143
206
195
173
161
156
141
226
180
144
207
196
174
162
157
142
227
181
145
208
197
175
163
158
143
228
182
146
209
198
176
164
159
144
229
183
147
210
199
177
165
160
145
230
184
148
211
200
178
166
161
146
231
185
149
212
201
179
167
162
147
232
186
150
213
202
180
168
163
148
233
187
151
214
203
181
169
164
149
234
188
152
215
204
182
170
165
150
235
189
153
216
205
183
171
166
151
236
190
154
217
206
184
172
167
152
237
191
155
218
207
185
173
168
153
238
192
156
219
208
186
174
169
154
239
193
157
220
209
187
175
170
155
240
194
158
221
210
188
176
171
156
241
195
159
222
211
189
177
172
157
242
196
160
223
212
190
178
173
158
243
197
161
224
213
191
179
174
159
244
198
162
225
214
192
180
175
160
245
199
163
226
215
193
181
176
161
246
200
164
227
216
194
182
177
162
247
201
165
228
217
195
183
178
163
248
202
166
229
218
196
184
179
164
249
203
167
230
219
197
185
180
165
250
204
168
231
220
198
186
181
166
251
205
169
232
221
199
187
182
167
252
206
170
233
222
200
188
183
168
253
207
171
234
223
201
189
184
169
254
208
172
235
224
202
190
185
170
255
209
173
236
225
203
191
186
171
256
210
174
237
226
204
192
187
172
257
211
175
238
227
205
193
188
173
258
212
176
239
228
206
194
189
174
259
213
177
240
229
207
195
190
175
260
214
178
241
230
208
196
191
176
261
215
179
242
231
209
197
192
177
262
216
180
243
232
210
198
193
178
263
33
28
13
98
52
16
79
68
46
34
29
14
99
53
17
80
69
47
35
30
15
100
54
18
81
70
48
36
31
16
101
55
19
82
71
49
37
32
17
102
56
20
83
72
50
38
33
18
103
57
21
84
73
51
39
34
19
104
58
22
85
74
52
40
35
20
105
59
23
86
75
53
41
36
21
106
60
24
87
76
54
42
37
22
107
61
25
88
77
55
43
38
23
108
62
26
89
78
56
44
39
24
109
63
27
90
79
57
45
40
25
110
64
28
91
80
58
46
41
26
111
65
29
92
81
59
47
42
27
112
66
30
93
82
60
48
43
28
113
67
31
94
83
61
49
44
29
114
68
32
95
84
62
50
45
30
115
69
33
96
85
63
51
46
31
116
70
34
97
86
64
52
47
32
117
71
35
98
87
65
53
48
33
118
72
36
99
88
66
54
49
34
119
73
37
100
89
67
55
50
35
120
74
38
101
90
68
56
51
36
121
75
39
102
91
69
57
52
37
122
76
40
103
92
70
58
53
38
123
77
41
104
93
71
59
54
39
124
78
42
105
94
72
60
55
40
125
79
43
106
95
73
61
56
41
126
80
44
107
96
74
62
57
42
127
81
45
108
97
75
63
58
43
128
82
46
109
98
76
64
59
44
129
83
47
110
99
77
65
60
45
130
84
48
111
100
78
66
61
46
131
85
49
112
101
79
67
62
47
132
86
50
113
102
80
68
63
48
133
87
51
114
103
81
69
64
49
134
88
52
115
104
82
70
65
50
135
89
53
116
105
83
71
66
51
136
90
54
117
106
84
72
67
52
137
91
55
118
107
85
73
68
53
138
92
56
119
108
86
74
69
54
139
93
57
120
109
87
75
70
55
140
94
58
121
110
88
76
71
56
141
95
59
122
111
89
77
72
57
142
96
60
123
112
90
78
73
58
143
97
61
124
113
91
79
74
59
144
98
62
125
114
92
80
75
60
145
99
63
126
115
93
81
76
61
146
100
64
127
116
94
82
77
62
147
101
65
128
117
95
83
78
63
148
102
66
129
118
96
84
79
64
149
103
67
130
119
97
85
80
65
150
104
68
131
120
98
86
81
66
151
105
69
132
121
99
87
82
67
152
106
70
133
122
100
88
83
68
153
107
71
134
123
101
89
84
69
154
108
72
135
124
102
90
85
70
155
109
73
136
125
103
91
86
71
156
110
74
137
126
104
92
87
72
157
111
75
138
127
105
93
88
73
158
112
76
139
128
106
94
89
74
159
113
77
140
129
107
95
90
75
160
114
78
141
130
108
96
91
76
161
115
79
142
131
109
97
92
77
162
116
80
143
132
110
98
93
78
163
117
81
144
133
111
99
94
79
164
118
82
145
134
112
100
95
80
165
119
83
146
135
113
101
96
81
166
120
84
147
136
114
102
97
82
167
121
85
148
137
115
103
98
83
168
122
86
149
138
116
104
99
84
169
123
87
150
139
117
105
100
85
170
124
88
151
140
118
106
101
86
171
125
89
152
141
119
107
102
87
172
126
90
153
142
120
108
103
88
173
127
91
154
143
121
109
104
89
174
128
92
155
144
122
110
105
90
175
129
93
156
145
123
111
106
91
176
130
94
157
146
124
112
107
92
177
131
95
158
147
125
113
108
93
178
132
96
159
148
126
114
109
94
179
133
97
160
149
127
115
110
95
180
134
98
161
150
128
116
111
96
181
135
99
162
151
129
117
112
97
182
136
100
163
152
130
118
113
98
183
137
101
164
153
131
119
114
99
184
138
102
165
154
132
120
115
100
185
139
103
166
155
133
121
116
101
186
140
104
167
156
134
122
117
102
187
141
105
168
157
135
123
118
103
188
142
106
169
158
136
124
119
104
189
143
107
170
159
137
125
120
105
190
144
108
171
160
138
126
121
106
191
145
109
172
161
139
127
122
107
192
146
110
173
162
140
128
123
108
193
147
111
174
163
141
129
124
109
194
148
112
175
164
142
130
125
110
195
149
113
176
165
143
131
126
111
196
150
114
177
166
144
132
127
112
197
151
115
178
167
145
133
128
113
198
152
116
179
168
146
134
129
114
199
153
117
180
169
147
135
130
115
200
154
118
181
170
148
136
131
116
201
155
119
182
171
149
137
132
117
202
156
120
183
172
150
138
133
118
203
157
121
184
173
151
139
134
119
204
158
122
185
174
152
140
135
120
205
159
123
186
175
153
141
136
121
206
160
124
187
176
154
142
137
122
207
161
125
188
177
155
143
138
123
208
162
126
189
178
156
144
139
124
209
163
127
190
179
157
145
140
125
210
164
128
191
180
158
146
141
126
211
165
129
192
181
159
147
142
127
212
166
130
193
182
160
148
143
128
213
167
131
194
183
161
149
144
129
214
168
132
195
184
162
150
145
130
215
169
133
196
185
163
151
146
131
216
170
134
197
186
164
152
147
132
217
171
135
198
187
165
153
148
133
218
172
136
199
188
166
154
149
134
219
173
137
200
189
167
155
150
135
220
174
138
201
190
168
156
151
136
221
175
139
202
191
169
157
152
137
222
176
140
203
192
170
158
153
138
223
177
141
204
193
171
159
154
139
224
178
142
205
194
172
160
155
140
225
179
143
206
195
173
161
156
141
226
180
144
207
196
174
162
157
142
227
181
145
208
197
175
163
158
143
228
182
146
209
198
176
164
159
144
229
183
147
210
199
177
165
160
145
230
184
148
211
200
178
166
161
146
231
185
149
212
201
179
167
162
147
232
186
150
213
202
180
168
163
148
233
187
151
214
203
181
169
164
149
234
188
152
215
204
182
170
165
150
235
189
153
216
205
183
171
166
151
236
190
154
217
206
184
172
167
152
237
191
155
218
207
185
173
168
153
238
192
156
219
208
186
174
169
154
239
193
157
220
209
187
175
170
155
240
194
158
221
210
188
176
171
156
241
195
159
222
211
189
177
172
157
242
196
160
223
212
190
178
173
158
243
197
161
224
213
191
179
174
159
244
198
162
225
214
192
180
175
160
245
199
163
226
215
193
181
176
161
246
200
164
227
216
194
182
177
162
247
201
165
228
217
195
183
178
163
248
202
166
229
218
196
184
179
164
249
203
167
230
219
197
185
180
165
250
204
168
231
220
198
186
181
166
251
205
169
232
221
199
187
182
167
252
206
170
233
222
200
188
183
168
253
207
171
234
223
201
189
184
169
254
208
172
235
224
202
190
185
170
255
209
173
236
225
203
191
186
171
256
210
174
237
226
204
192
187
172
257
211
175
238
227
205
193
188
173
258
212
176
239
228
206
194
189
174
259
213
177
240
229
207
195
190
175
260
214
178
241
230
208
196
191
176
261
215
179
242
231
209
197
192
177
262
216
180
243
232
210
198
193
178
263
217
181
244
233
211
199
194
179
264
34
29
14
99
53
17
80
69
47
35
30
15
100
54
18
81
70
48
36
31
16
101
55
19
82
71
49
37
32
17
102
56
20
83
72
50
38
33
18
103
57
21
84
73
51
39
34
19
104
58
22
85
74
52
40
35
20
105
59
23
86
75
53
41
36
21
106
60
24
87
76
54
42
37
22
107
61
25
88
77
55
43
38
23
108
62
26
89
78
56
44
39
24
109
63
27
90
79
57
45
40
25
110
64
28
91
80
58
46
41
26
111
65
29
92
81
59
47
42
27
112
66
30
93
82
60
48
43
28
113
67
31
94
83
61
49
44
29
114
68
32
95
84
62
50
45
30
115
69
33
96
85
63
51
46
31
116
70
34
97
86
64
52
47
32
117
71
35
98
87
65
53
48
33
118
72
36
99
88
66
54
49
34
119
73
37
100
89
67
55
50
35
120
74
38
101
90
68
56
51
36
121
75
39
102
91
69
57
52
37
122
76
40
103
92
70
58
53
38
123
77
41
104
93
71
59
54
39
124
78
42
105
94
72
60
55
40
125
79
43
106
95
73
61
56
41
126
80
44
107
96
74
62
57
42
127
81
45
108
97
75
63
58
43
128
82
46
109
98
76
64
59
44
129
83
47
110
99
77
65
60
45
130
84
48
111
100
78
66
61
46
131
85
49
112
101
79
67
62
47
132
86
50
113
102
80
68
63
48
133
87
51
114
103
81
69
64
49
134
88
52
115
104
82
70
65
50
135
89
53
116
105
83
71
66
51
136
90
54
117
106
84
72
67
52
137
91
55
118
107
85
73
68
53
138
92
56
119
108
86
74
69
54
139
93
57
120
109
87
75
70
55
140
94
58
121
110
88
76
71
56
141
95
59
122
111
89
77
72
57
142
96
60
123
112
90
78
73
58
143
97
61
124
113
91
79
74
59
144
98
62
125
114
92
80
75
60
145
99
63
126
115
93
81
76
61
146
100
64
127
116
94
82
77
62
147
101
65
128
117
95
83
78
63
148
102
66
129
118
96
84
79
64
149
103
67
130
119
97
85
80
65
150
104
68
131
120
98
86
81
66
151
105
69
132
121
99
87
82
67
152
106
70
133
122
100
88
83
68
153
107
71
134
123
101
89
84
69
154
108
72
135
124
102
90
85
70
155
109
73
136
125
103
91
86
71
156
110
74
137
126
104
92
87
72
157
111
75
138
127
105
93
88
73
158
112
76
139
128
106
94
89
74
159
113
77
140
129
107
95
90
75
160
114
78
141
130
108
96
91
76
161
115
79
142
131
109
97
92
77
162
116
80
143
132
110
98
93
78
163
117
81
144
133
111
99
94
79
164
118
82
145
134
112
100
95
80
165
119
83
146
135
113
101
96
81
166
120
84
147
136
114
102
97
82
167
121
85
148
137
115
103
98
83
168
122
86
149
138
116
104
99
84
169
123
87
150
139
117
105
100
85
170
124
88
151
140
118
106
101
86
171
125
89
152
141
119
107
102
87
172
126
90
153
142
120
108
103
88
173
127
91
154
143
121
109
104
89
174
128
92
155
144
122
110
105
90
175
129
93
156
145
123
111
106
91
176
130
94
157
146
124
112
107
92
177
131
95
158
147
125
113
108
93
178
132
96
159
148
126
114
109
94
179
133
97
160
149
127
115
110
95
180
134
98
161
150
128
116
111
96
181
135
99
162
151
129
117
112
97
182
136
100
163
152
130
118
113
98
183
137
101
164
153
131
119
114
99
184
138
102
165
154
132
120
115
100
185
139
103
166
155
133
121
116
101
186
140
104
167
156
134
122
117
102
187
141
105
168
157
135
123
118
103
188
142
106
169
158
136
124
119
104
189
143
107
170
159
137
125
120
105
190
144
108
171
160
138
126
121
106
191
145
109
172
161
139
127
122
107
192
146
110
173
162
140
128
123
108
193
147
111
174
163
141
129
124
109
194
148
112
175
164
142
130
125
110
195
149
113
176
165
143
131
126
111
196
150
114
177
166
144
132
127
112
197
151
115
178
167
145
133
128
113
198
152
116
179
168
146
134
129
114
199
153
117
180
169
147
135
130
115
200
154
118
181
170
148
136
131
116
201
155
119
182
171
149
137
132
117
202
156
120
183
172
150
138
133
118
203
157
121
184
173
151
139
134
119
204
158
122
185
174
152
140
135
120
205
159
123
186
175
153
141
136
121
206
160
124
187
176
154
142
137
122
207
161
125
188
177
155
143
138
123
208
162
126
189
178
156
144
139
124
209
163
127
190
179
157
145
140
125
210
164
128
191
180
158
146
141
126
211
165
129
192
181
159
147
142
127
212
166
130
193
182
160
148
143
128
213
167
131
194
183
161
149
144
129
214
168
132
195
184
162
150
145
130
215
169
133
196
185
163
151
146
131
216
170
134
197
186
164
152
147
132
217
171
135
198
187
165
153
148
133
218
172
136
199
188
166
154
149
134
219
173
137
200
189
167
155
150
135
220
174
138
201
190
168
156
151
136
221
175
139
202
191
169
157
152
137
222
176
140
203
192
170
158
153
138
223
177
141
204
193
171
159
154
139
224
178
142
205
194
172
160
155
140
225
179
143
206
195
173
161
156
141
226
180
144
207
196
174
162
157
142
227
181
145
208
197
175
163
158
143
228
182
146
209
198
176
164
159
144
229
183
147
210
199
177
165
160
145
230
184
148
211
200
178
166
161
146
231
185
149
212
201
179
167
162
147
232
186
150
213
202
180
168
163
148
233
187
151
214
203
181
169
164
149
234
188
152
215
204
182
170
165
150
235
189
153
216
205
183
171
166
151
236
190
154
217
206
184
172
167
152
237
191
155
218
207
185
173
168
153
238
192
156
219
208
186
174
169
154
239
193
157
220
209
187
175
170
155
240
194
158
221
210
188
176
171
156
241
195
159
222
211
189
177
172
157
242
196
160
223
212
190
178
173
158
243
197
161
224
213
191
179
174
159
244
198
162
225
214
192
180
175
160
245
199
163
226
215
193
181
176
161
246
200
164
227
216
194
182
177
162
247
201
165
228
217
195
183
178
163
248
202
166
229
218
196
184
179
164
249
203
167
230
219
197
185
180
165
250
204
168
231
220
198
186
181
166
251
205
169
232
221
199
187
182
167
252
206
170
233
222
200
188
183
168
253
207
171
234
223
201
189
184
169
254
208
172
235
224
202
190
185
170
255
209
173
236
225
203
191
186
171
256
210
174
237
226
204
192
187
172
257
211
175
238
227
205
193
188
173
258
212
176
239
228
206
194
189
174
259
213
177
240
229
207
195
190
175
260
214
178
241
230
208
196
191
176
261
215
179
242
231
209
197
192
177
262
216
180
243
232
210
198
193
178
263
217
181
244
233
211
199
194
179
264
218
182
245
234
212
200
195
180
265
35
30
15
100
54
18
81
70
48
36
31
16
101
55
19
82
71
49
37
32
17
102
56
20
83
72
50
38
33
18
103
57
21
84
73
51
39
34
19
104
58
22
85
74
52
40
35
20
105
59
23
86
75
53
41
36
21
106
60
24
87
76
54
42
37
22
107
61
25
88
77
55
43
38
23
108
62
26
89
78
56
44
39
24
109
63
27
90
79
57
45
40
25
110
64
28
91
80
58
46
41
26
111
65
29
92
81
59
47
42
27
112
66
30
93
82
60
48
43
28
113
67
31
94
83
61
49
44
29
114
68
32
95
84
62
50
45
30
115
69
33
96
85
63
51
46
31
116
70
34
97
86
64
52
47
32
117
71
35
98
87
65
53
48
33
118
72
36
99
88
66
54
49
34
119
73
37
100
89
67
55
50
35
120
74
38
101
90
68
56
51
36
121
75
39
102
91
69
57
52
37
122
76
40
103
92
70
58
53
38
123
77
41
104
93
71
59
54
39
124
78
42
105
94
72
60
55
40
125
79
43
106
95
73
61
56
41
126
80
44
107
96
74
62
57
42
127
81
45
108
97
75
63
58
43
128
82
46
109
98
76
64
59
44
129
83
47
110
99
77
65
60
45
130
84
48
111
100
78
66
61
46
131
85
49
112
101
79
67
62
47
132
86
50
113
102
80
68
63
48
133
87
51
114
103
81
69
64
49
134
88
52
115
104
82
70
65
50
135
89
53
116
105
83
71
66
51
136
90
54
117
106
84
72
67
52
137
91
55
118
107
85
73
68
53
138
92
56
119
108
86
74
69
54
139
93
57
120
109
87
75
70
55
140
94
58
121
110
88
76
71
56
141
95
59
122
111
89
77
72
57
142
96
60
123
112
90
78
73
58
143
97
61
124
113
91
79
74
59
144
98
62
125
114
92
80
75
60
145
99
63
126
115
93
81
76
61
146
100
64
127
116
94
82
77
62
147
101
65
128
117
95
83
78
63
148
102
66
129
118
96
84
79
64
149
103
67
130
119
97
85
80
65
150
104
68
131
120
98
86
81
66
151
105
69
132
121
99
87
82
67
152
106
70
133
122
100
88
83
68
153
107
71
134
123
101
89
84
69
154
108
72
135
124
102
90
85
70
155
109
73
136
125
103
91
86
